Уютная квартира в центре	Прекрасная квартира для отдыха в центре города.	2023-10-01T12:00:00.000Z	Paris	preview1.jpg	image1.jpg;image2.jpg;image3.jpg;image4.jpg;image5.jpg;image6.jpg	true	true	4.5	apartment	2	4	15000	Breakfast;Air conditioning	Иван	ivan@example.com	avatar1.jpg	password123	обычный	0	48.85661	2.351499
Загородный дом с бассейном	Дом для отдыха с бассейном и садом.	2023-10-02T14:30:00.000Z	Cologne	preview2.jpg	image1.jpg;image2.jpg;image3.jpg;image4.jpg;image5.jpg;image6.jpg	false	false	4.8	house	4	8	25000	Washer;Towels;Fridge	Анна	anna@example.com	avatar2.jpg	password456	pro	0	50.938361	6.959974
